1 2 3 4
2 6 7
3 8 9
4 10 11 12 13
6 14 15
7 16 17
8 18 19
9 20 21
10 22 23
11 24 25
12 26 27
13 28 29
14 30 31
15 32 33
16 34 35
17 36 37
18 38 39
19 40 41
20 42 43
21 44 45
22 46 47
23 48 49
24 50 51
25 52 53
26 54 55
27 56 57
28 58 59
29 60 61
30 62 63
31 64 65
32 66 67
33 68 69
34 70 71
35 72 73
36 74 75
37 76 77
38 78 79
39 80 81
40 82 83
41 84 85
42 86 87
43 88 89
44 90 91
45 92 93
46 94 95
47 96 97
48 98 99
49 100 101
50 102 103
51 104 105
52 106 107
53 108 109
54 110 111
55 112 113
56 114 115
57 116 117
58 118 119
59 120 121
60 122 123
61 124 125
62 126 127
63 128 129
64 130 131
65 132 133
66 134 135
67 136 137
68 138 139
69 140 141
70 142 143
71 144 145
72 146 147
73 148 149
74 150 151
75 152 153
76 154 155
77 156 157
78 158 159
79 160 161
80 162 163
81 164 165
82 166 167
83 168 169
84 170 171
85 172 173 
86 174 175
87 176 177
88 178 179
89 180 181
90 182 183 5
91 184 185
92 186 187
93 188 189
94 190 191
95 192 193
96 194 195
97 196 197
98 198 199
99 200 201
100 202 203

